F1=0.614299
Precision=0.614299
Recall=0.614299
F1_Appeal_to_Authority=0.3
F1_Appeal_to_fear-prejudice=0.34
F1_Bandwagon,Reductio_ad_hitlerum=0.0
F1_Black-and-White_Fallacy=0.0
F1_Causal_Oversimplification=0.23076923076923078
F1_Doubt=0.5534591194968553
F1_Exaggeration,Minimisation=0.4857142857142857
F1_Flag-Waving=0.7607361963190185
F1_Loaded_Language=0.7611111111111112
F1_Name_Calling,Labeling=0.7517401392111369
F1_Repetition=0.38565022421524664
F1_Slogans=0.3214285714285714
F1_Thought-terminating_Cliches=0.08695652173913045
F1_Whataboutism,Straw_Men,Red_Herring=0.05405405405405405