F1=0.301976
Precision=0.301976
Recall=0.301976
F1_Appeal_to_Authority=0.10256410256410256
F1_Appeal_to_fear-prejudice=0.16243654822335024
F1_Bandwagon,Reductio_ad_hitlerum=0.0
F1_Black-and-White_Fallacy=0.0
F1_Causal_Oversimplification=0.0
F1_Doubt=0.0
F1_Exaggeration,Minimisation=0.0273972602739726
F1_Flag-Waving=0.020833333333333332
F1_Loaded_Language=0.4153439153439153
F1_Name_Calling,Labeling=0.24918032786885244
F1_Repetition=0.48571428571428565
F1_Slogans=0.09638554216867469
F1_Thought-terminating_Cliches=0.0
F1_Whataboutism,Straw_Men,Red_Herring=0.0