F1=0.617121
Precision=0.617121
Recall=0.617121
F1_Appeal_to_Authority=0.3
F1_Appeal_to_fear-prejudice=0.32989690721649484
F1_Bandwagon,Reductio_ad_hitlerum=0.0
F1_Black-and-White_Fallacy=0.08695652173913045
F1_Causal_Oversimplification=0.23076923076923078
F1_Doubt=0.5512820512820513
F1_Exaggeration,Minimisation=0.47552447552447547
F1_Flag-Waving=0.7607361963190185
F1_Loaded_Language=0.7564625850340136
F1_Name_Calling,Labeling=0.7596153846153846
F1_Repetition=0.408695652173913
F1_Slogans=0.3272727272727273
F1_Thought-terminating_Cliches=0.08695652173913045
F1_Whataboutism,Straw_Men,Red_Herring=0.0606060606060606